320001
320002
320019
320003
012621
320004
320005
320006
320007
320008
320009
320010
010351
320011
320012
320013
320014
010352
320015
320016
320017
163208
320018
014551
163209
010356
320020
320021
320022
163210
163211
000066
014498
000235
000201
001964
000538
002053
000559
000560
000625
000818
000640
000641
001026
000771
000779
001669
001867
000714
002052
000736
000737
000971
001208
010349
001351
010355
001411
002051
001528
002137
014521
002145
002292
014550
002560
002067
002291
001743
001706
012847
001744
001707
014536
001780
000521
005547
005548
005448
005480
005901
005902
006007
006008
006025
005655
001900
006005
006006
006429
006737
008328
008185
